=== Run information ===

Scheme:       weka.clusterers.EM -I 100 -N -1 -X 10 -max -1 -ll-cv 1.0E-6 -ll-iter 1.0E-6 -M 1.0E-6 -K 10 -num-slots 1 -S 100
Relation:     clean_dropped_normalized
Instances:    1000
Attributes:   16
              state
              checking_amt
              credit_history
              purpose
              credit_amount
              savings
              employment
              personal_status
              other_parties
              property_magnitude
              other_payment_plans
              housing
              own_telephone
              foreign_worker
              class
              works_outside_US
Test mode:    evaluate on training data


=== Clustering model (full training set) ===


EM
==

Number of clusters selected by cross validation: 6
Number of iterations performed: 13


                                    Cluster
Attribute                                 0        1        2        3        4        5
                                      (0.1)   (0.06)    (0.2)   (0.04)   (0.13)   (0.47)
=========================================================================================
state
  Pennsylvania                        4.8559   1.4506   9.3542   1.0154    2.989  16.3348
  Rhodes Island                       1.8107    1.007   1.9986   1.1572   1.0265        1
  South Carolina                       5.902   5.8529   7.9597   1.8714   3.4777  17.9364
  South Dakota                        1.0005   1.0003   1.9996   1.0001   1.0234   4.9762
  Tennessee                           7.2865   2.2271   6.5289   1.0085   3.0119   11.937
  Texas                               8.1103    8.742  19.4319   3.1191  21.7265  59.8703
  Utah                                     2        1   1.0001        1        1   2.9999
  Virginia                            7.1822   4.6395   6.1905   2.0138     2.19   17.784
  Vermont                             1.9994   1.0002        1   1.0004        2        1
  Washington                          3.2143   2.0412   7.6923   1.9963   3.6494   7.4065
  Wisconsin                           1.0199   2.0002   1.9891   1.0001   1.0953   8.8953
  West Virginia                       1.2167   1.9812   1.9976   1.2728   2.8856    1.646
  Wyoming                             1.0223   1.0002   1.9775        1        1        1
  Alaska                              1.0004        1        1   1.0001   1.0343   2.9652
  Arkansas                            1.0017   3.0094   1.9907   2.0019   2.3123    8.684
  Arizona                             1.1424   3.9635   5.9919   2.0507   2.2512  11.6004
  California                          9.9032  17.0199  43.7512   9.4156  17.4275  56.4826
  Colorado                            1.0306   1.0081   2.9831   1.0008   1.9995    5.978
  Connecticut                         1.0023   1.0158   3.9817   2.0002        1        1
  District of Columbia                2.3557   2.0017   1.9983   1.0107    2.151   2.4826
  Delaware                            1.0001        1        1   1.0001   1.0223   3.9775
  Georgia                             4.0911   4.0291   9.8428   3.0029   5.2588  26.7753
  Hawaii                              1.0001        1   2.0008        1        1   1.9991
  Illinois                             5.302   4.2407  11.4884   2.2458   9.8863  26.8367
  Indiana                             2.7665   2.0031    5.013   1.0519   3.5108  16.6548
  Kentucky                            7.2022   1.1222   8.0008   2.1422   6.7501  12.7825
  Louisiana                           5.3649   5.0878   8.3214   2.0777     3.42  18.7282
  Massachusetts                       2.6192   3.9866   3.9907    1.817   4.0024   6.5842
  Maryland                            4.4602   1.0725   7.1443   1.3726    5.104   9.8464
  Michigan                             3.596   2.0439   4.9756   5.8084   5.8145  21.7616
  Missouri                            4.5768   1.0107   6.5698    3.102   7.4032  10.3375
  Mississippi                         1.0052   1.0025   2.9949   1.0002   2.0125   3.9847
  North Carolina                      2.0149   2.0003   2.0127   1.0076   3.0164   5.9481
  New Hampshire                       1.0002   1.0021        1   1.9983   1.1137   1.8858
  New Jersey                          2.9789   1.0762   5.0346   1.0375   4.3663  17.5064
  New Mexico                          3.5781   1.0016        2   1.4135   2.0638   3.9431
  Nevada                              1.0448   1.0046   2.9885   1.6829   4.3668   8.9124
  New York                            7.3964   1.0098   6.9817   1.2889   9.7309  19.5923
  Ohio                                1.0698   2.9835   5.9688   2.2692   2.9446   13.764
  Oregon                              1.0154   1.0018   1.0001   1.9403   1.1047   2.9377
  Alabama                             2.0398   3.0972   3.8517   1.0121   1.0684   9.9307
  Florida                            10.4602   1.0772   5.6109    1.151   8.7156  20.9852
  Iowa                                2.0535   1.0015   1.0001   1.5113   2.2615    5.172
  Idaho                               1.0911   1.0001        1    1.019   1.8899        2
  Kansas                              1.0004   1.0001   1.0001   1.0049   2.1042   3.8903
  Maine                                    1   1.0001        1   1.9999        1        1
  [total]                           144.7848 109.8156  242.609  82.8923  176.183 519.7154
checking_amt
  mean                                 0.371   0.4923   0.4026   0.5486   0.4051    0.507
  std. dev.                           0.1871    0.135    0.213   0.2379   0.1986   0.0014

credit_history
  critical/other existing credit     19.8332  14.3183  44.3777   6.1275  37.5977 155.7456
  existing paid                      55.4096  36.0333 128.0345  17.8934  83.5749 254.0543
  delayed previously                 11.2613   7.9651  11.4268   8.2435   4.4828  40.6204
  no credits/all paid                11.0508   4.0651   6.8619   3.8285   4.4722   9.7215
  all paid                            6.2298   6.4337  10.9082   5.7993   5.0553  18.5736
  [total]                           103.7848  68.8156  201.609  41.8923  135.183 478.7154
purpose
  radio/tv                           11.4451  22.2907  71.4685  13.6484  46.8295 190.3179
  education                           7.1119    3.203   9.4139   1.2405   4.3645  25.6662
  furniture/equipment                15.0582   9.3403  44.3789   7.6323  31.2592  65.3311
  used car                           26.4562   6.1729   5.9724    2.061   3.4375     52.9
  new car                            23.9312  18.1964  46.6421  11.9109  34.6939  82.6256
  business                           13.7189   7.7216  15.2248   3.6658    5.525  44.1439
  domestic appliance                  1.0805   1.0027   1.9892   2.0503   5.6744   5.2028
  repairs                             2.2569   3.2159   5.6537    1.077   4.1023  10.6942
  other                                6.708   1.6685   2.9019   2.5701   1.1517   2.9997
  retraining                          1.0179   1.0035   2.9636    1.036   3.1448   3.8341
  [total]                           108.7848  73.8156  206.609  46.8923  140.183 483.7154
credit_amount
  mean                                  0.39   0.1863    0.116   0.1246    0.112   0.1516
  std. dev.                           0.2161   0.1765   0.0652   0.0654   0.0623   0.1204

savings
  mean                                0.0042   0.2013   0.0048   0.0343    0.003        0
  std. dev.                           0.0039   0.2878   0.0038   0.0279   0.0032        0

employment
  >=7                                30.8602  13.0466  40.3985   4.7775  21.7772 116.1401
  1<=X<4                             25.7942   22.239  84.5021  15.8919  58.6141 208.9587
  4<=X<7                             21.8786  15.3777  19.1124   4.4689  25.9649  78.1975
  unemployed                         14.4745   2.1299  14.5635   8.5269   3.4633  19.8418
  <1                                 10.7773  16.0224  43.0325   8.2271  25.3634  55.5773
  [total]                           103.7848  68.8156  201.609  41.8923  135.183 478.7154
personal_status
  male single                        76.3553  32.2353 101.8532  23.8806  70.5542 291.1214
  female div/dep/mar                 16.1904  19.5853  71.8802   12.533  35.6274 130.1836
  male div/sep                        8.0872   5.1298   9.9605     3.25   9.7762  15.7963
  male mar/wid                        2.1519  10.8651  16.9151   1.2287  18.2252  40.6141
  [total]                           102.7848  67.8156  200.609  40.8923  134.183 477.7154
other_parties
  none                               90.8508  62.7887 168.6755   37.659 112.9257 452.1003
  guarantor                           3.2927   1.0033  17.2334   1.0538  13.5683  12.8485
  co applicant                        7.6412   3.0236  13.7001   1.1795   6.6889  11.7667
  [total]                           101.7848  66.8156  199.609  39.8923  133.183 476.7154
property_magnitude
  real estate                          1.773  14.7043  58.6903    5.782  56.6804   130.37
  life insurance                     21.2611   9.3739  47.6286   9.5943  34.9422  94.1999
  no known property                  41.8875  13.4472  17.0619   6.8628   3.5337   60.207
  car                                 37.863  30.2901  77.2283  18.6532  39.0267 192.9386
  [total]                           102.7848  67.8156  200.609  40.8923  134.183 477.7154
other_payment_plans
  none                               80.6927    57.01 153.9481  25.2037  118.683 402.4624
  bank                               15.1131   4.7559  30.8189   9.8119  13.2984  56.2019
  stores                               5.979   5.0496   14.842   4.8766   1.2016  18.0511
  [total]                           101.7848  66.8156  199.609  39.8923  133.183 476.7154
housing
  own                                54.2298  43.7841 143.4482  29.1804 103.9538 373.4037
  for free                           39.0489    6.708  12.9966   5.8737   1.6419  40.7308
  rent                                8.5061  16.3235  43.1641   4.8382  27.5872  62.5809
  [total]                           101.7848  66.8156  199.609  39.8923  133.183 476.7154
own_telephone
  yes                                59.6198  26.3359  51.9266  16.2892  27.3016 181.5268
  none                               41.1649  39.4796 146.6823  22.6031 104.8814 294.1886
  [total]                           100.7848  65.8156  198.609  38.8923  132.183 475.7154
foreign_worker
  no                                 67.0193  12.6037   1.0142  36.6477 131.1791  220.536
  yes                                33.7655  53.2118 197.5948   2.2446   1.0039 255.1794
  [total]                           100.7848  65.8156  198.609  38.8923  132.183 475.7154
class
  bad                                43.4875  19.6306  77.1358  17.6158  47.9643 202.1661
  good                               57.2973   46.185 121.4732  21.2765  84.2187 273.5494
  [total]                           100.7848  65.8156  198.609  38.8923  132.183 475.7154
works_outside_US
  no                                 67.0193  12.6037   1.0142  36.6477 131.1791  220.536
  yes                                33.7655  53.2118 197.5948   2.2446   1.0039 255.1794
  [total]                           100.7848  65.8156  198.609  38.8923  132.183 475.7154


Time taken to build model (full training data) : 6.52 seconds

=== Model and evaluation on training set ===

Clustered Instances

0       94 (  9%)
1       61 (  6%)
2      203 ( 20%)
3       32 (  3%)
4      122 ( 12%)
5      488 ( 49%)


Log likelihood: -4.72912

